[[ 0.01711642  0.25859534  0.34205409  0.80219005 -0.26811895 -0.53269991
  -0.0288818   0.        ]
 [ 0.01454302  0.22197512  0.38171632  0.79700682 -0.2617743  -0.54307641
  -0.03636435  0.        ]
 [ 0.01196962  0.1853549   0.42137854  0.79163965 -0.25536923 -0.55332758
  -0.04383852  0.        ]
 [ 0.00939622  0.14873469  0.46104077  0.78608978 -0.24890522 -0.56345105
  -0.05130256  0.        ]
 [ 0.00682281  0.11211447  0.500703    0.78035851 -0.24238377 -0.57344449
  -0.05875477  0.        ]
 [ 0.00424941  0.07549426  0.54036523  0.77444714 -0.23580639 -0.58330559
  -0.06619342  0.        ]
 [ 0.00167601  0.03887404  0.58002746  0.76835704 -0.22917458 -0.59303207
  -0.07361679  0.        ]
 [-0.00089739  0.00225382  0.61968969  0.76208962 -0.22248989 -0.60262169
  -0.08102318  0.        ]
 [-0.00347079 -0.03436639  0.65935192  0.75564633 -0.21575385 -0.61207224
  -0.08841086  0.        ]
 [-0.00604419 -0.07098661  0.69901414  0.74902864 -0.20896802 -0.62138153
  -0.09577814  0.        ]
 [-0.00861759 -0.10760683  0.73867637  0.7422381  -0.20213396 -0.63054742
  -0.10312332  0.        ]
 [-0.01119099 -0.14422704  0.7783386   0.73527625 -0.19525325 -0.6395678
  -0.11044469  0.        ]
 [-0.01376439 -0.18084726  0.81800083  0.72814473 -0.18832749 -0.64844057
  -0.11774058  0.        ]]
