[[ 0.01712512  0.25858836  0.34207328  0.80216752 -0.26815994 -0.53271122
  -0.02891828  0.        ]
 [ 0.0145526   0.22196937  0.38173392  0.79697972 -0.26182937 -0.5430865
  -0.03641101  0.        ]
 [ 0.01198009  0.18535038  0.42139456  0.79160799 -0.25543837 -0.55333645
  -0.04389533  0.        ]
 [ 0.00940757  0.1487314   0.4610552   0.78605357 -0.24898843 -0.56345871
  -0.05136953  0.        ]
 [ 0.00683505  0.11211241  0.50071584  0.78031776 -0.24248103 -0.57345093
  -0.05883187  0.        ]
 [ 0.00426253  0.07549342  0.54037648  0.77440186 -0.23591766 -0.58331081
  -0.06628063  0.        ]
 [ 0.00169001  0.03887443  0.58003712  0.76830725 -0.22929985 -0.59303607
  -0.0737141   0.        ]
 [-0.00088251  0.00225544  0.61969776  0.76203533 -0.22262913 -0.60262448
  -0.08113055  0.        ]
 [-0.00345502 -0.03436355  0.6593584   0.75558755 -0.21590703 -0.61207381
  -0.08852829  0.        ]
 [-0.00602754 -0.07098254  0.69901904  0.7489654  -0.2091351  -0.62138189
  -0.09590559  0.        ]
 [-0.00860006 -0.10760153  0.73867968  0.74217041 -0.2023149  -0.63054657
  -0.10326076  0.        ]
 [-0.01117258 -0.14422052  0.77834032  0.73520414 -0.19544802 -0.63956574
  -0.1105921   0.        ]
 [-0.0137451  -0.18083951  0.81800095  0.7280682  -0.18853603 -0.64843731
  -0.11789791  0.        ]]
