[[-3.48545415e-01  2.61425737e-03  5.63582343e-01  2.71285325e-02
  -3.47158325e-03  2.83562756e-04  9.99625885e-01  0.00000000e+00]
 [-3.03675412e-01  1.36052641e-02  5.84636130e-01  2.91118906e-02
   3.84470291e-02 -1.37168273e-03  9.98835543e-01  0.00000000e+00]
 [-2.58805409e-01  2.45962707e-02  6.05689917e-01  3.10438817e-02
   8.02978029e-02 -3.02450792e-03  9.96282787e-01  0.00000000e+00]
 [-2.13935406e-01  3.55872774e-02  6.26743703e-01  3.29210969e-02
   1.22006894e-01 -4.67199646e-03  9.91972122e-01  0.00000000e+00]
 [-1.69065403e-01  4.65782841e-02  6.47797490e-01  3.47402238e-02
   1.63500707e-01 -6.31124142e-03  9.85911154e-01  0.00000000e+00]
 [-1.24195399e-01  5.75692908e-02  6.68851277e-01  3.64980527e-02
   2.04706029e-01 -7.93935038e-03  9.78110577e-01  0.00000000e+00]
 [-7.93253963e-02  6.85602975e-02  6.89905063e-01  3.81914819e-02
   2.45550154e-01 -9.55345062e-03  9.68584155e-01  0.00000000e+00]
 [-3.44553932e-02  7.95513042e-02  7.10958850e-01  3.98175235e-02
   2.85961013e-01 -1.11506941e-02  9.57348696e-01  0.00000000e+00]
 [ 1.04146100e-02  9.05423109e-02  7.32012636e-01  4.13733083e-02
   3.25867303e-01 -1.27282625e-02  9.44424027e-01  0.00000000e+00]
 [ 5.52846132e-02  1.01533318e-01  7.53066423e-01  4.28560912e-02
   3.65198610e-01 -1.42833723e-02  9.29832951e-01  0.00000000e+00]
 [ 1.00154616e-01  1.12524324e-01  7.74120210e-01  4.42632559e-02
   4.03885536e-01 -1.58132796e-02  9.13601214e-01  0.00000000e+00]
 [ 1.45024619e-01  1.23515331e-01  7.95173996e-01  4.55923195e-02
   4.41859819e-01 -1.73152848e-02  8.95757457e-01  0.00000000e+00]
 [ 1.89894623e-01  1.34506338e-01  8.16227783e-01  4.68409370e-02
   4.79054454e-01 -1.87867378e-02  8.76333164e-01  0.00000000e+00]
 [ 2.34764626e-01  1.45497344e-01  8.37281569e-01  4.80069050e-02
   5.15403813e-01 -2.02250422e-02  8.55362610e-01  0.00000000e+00]
 [ 2.79634629e-01  1.56488351e-01  8.58335356e-01  4.90881664e-02
   5.50843758e-01 -2.16276601e-02  8.32882795e-01  0.00000000e+00]
 [ 3.24504632e-01  1.67479358e-01  8.79389143e-01  5.00828133e-02
   5.85311757e-01 -2.29921167e-02  8.08933385e-01  0.00000000e+00]
 [ 3.69374635e-01  1.78470364e-01  9.00442929e-01  5.09890907e-02
   6.18746992e-01 -2.43160044e-02  7.83556638e-01  0.00000000e+00]
 [ 4.14244638e-01  1.89461371e-01  9.21496716e-01  5.18053994e-02
   6.51090467e-01 -2.55969873e-02  7.56797330e-01  0.00000000e+00]]
