[[ 0.01713934  0.25860678  0.34205519  0.80220055 -0.26813802 -0.53267348
  -0.02890068  0.        ]
 [ 0.01456629  0.22198517  0.38171766  0.79698306 -0.26185221 -0.54307013
  -0.036418    0.        ]
 [ 0.01199324  0.18536355  0.42138013  0.79158119 -0.25550582 -0.55334114
  -0.04392689  0.        ]
 [ 0.00942019  0.14874193  0.4610426   0.78599621 -0.24910032 -0.56348416
  -0.05142563  0.        ]
 [ 0.00684715  0.11212031  0.50070506  0.7802294  -0.2426372  -0.57349682
  -0.05891246  0.        ]
 [ 0.0042741   0.07549869  0.54036753  0.77428209 -0.23611795 -0.58337681
  -0.06638567  0.        ]
 [ 0.00170105  0.03887707  0.58003     0.76815567 -0.22954408 -0.59312184
  -0.07384352  0.        ]
 [-0.000872    0.00225545  0.61969247  0.76185155 -0.2229171  -0.60272967
  -0.08128429  0.        ]
 [-0.00344505 -0.03436617  0.65935494  0.75537118 -0.21623856 -0.61219806
  -0.08870626  0.        ]
 [-0.00601809 -0.07098779  0.69901741  0.74871607 -0.20950999 -0.62152483
  -0.0961077   0.        ]
 [-0.00859114 -0.10760941  0.73867988  0.74188776 -0.20273296 -0.63070783
  -0.10348691  0.        ]
 [-0.01116419 -0.14423103  0.77834235  0.73488782 -0.19590903 -0.63974491
  -0.11084219  0.        ]
 [-0.01373724 -0.18085265  0.81800482  0.72771788 -0.18903977 -0.64863401
  -0.11817182  0.        ]]
